nFamilies	nSpeciesPerFamily	nSampledSpeciesPerFamily	nResourcesPerClass	leakageFraction	preferenceStrength	byproductSparsity	metabolism	r	p
8	168	38	8	0.639457553504755	0.5678839802859634	1.0806513898299392	specific	-0.1438556092475246	5.3613330286383845e-20
5	183	79	12	0.576853553730077	0.22304820645436318	0.7802367768051736	specific	0.026447737677417656	5.2848199568370446e-20
6	165	81	11	0.56015674867917	0.2243182583158283	0.5851374264306993	specific	-0.4098820474791054	5.50214633476603e-16
5	259	47	6	0.6718350280125266	0.5275296044854353	6.904127320995178	specific	0.24746093864808957	1.4889821215132623e-12
8	288	85	5	0.760041183510893	0.35138314470367715	2.4407761122341767	common	-0.40934534139066586	6.07277658656263e-19
5	228	90	15	0.5981182856219935	0.3073402993454081	0.2005899908338603	specific	-0.10901742174435686	2.0627442307955324e-19
6	219	27	6	0.5544154438160565	0.2821978839339627	1.3685785639237733	specific	-0.05528784760261928	1.3267588055225938e-10
4	209	46	15	0.5209617624158929	0.17822397725863282	0.10632859382855481	specific	-0.27480579655770915	3.6760578225374286e-16
4	216	23	15	0.7029394500657948	0.24311701728433877	0.9988321861173889	specific	-0.4004095154137755	2.148237471755365e-16
6	177	69	5	0.5851795031726941	0.8335848544503806	0.1834790209577505	common	-0.20639807965121132	4.567890787486146e-10
6	162	60	14	0.7614541456576319	0.680004230072706	0.22830249336807462	specific	-0.026027290885569095	7.52854155833227e-07
8	287	52	11	0.581157235738141	0.5525756957241744	2.025033571365492	common	0.33666503582341145	1.1697742049478424e-10
4	264	96	6	0.5057462636109332	0.7259477121582317	3.118424232447913	specific	0.01683796849000938	1.3430945109627121e-06
7	231	36	6	0.7903586454564899	0.8942931960407617	0.4540717998479103	common	-0.28062166108271946	4.887956261776143e-07
3	245	37	3	0.5602859098428735	0.3150111359531047	5.496405728430514	specific	0.20891650899351877	1.4881800108327683e-10
8	226	93	5	0.7999630598124412	0.34234937313454894	1.3294293519922507	specific	-0.13723182438016637	8.028614162187319e-15
5	274	28	10	0.6452256567360972	0.019831046121036366	9.911912808012666	common	-0.7552672937040867	0.002843721604544556
4	255	57	10	0.690250562010909	0.835498841801147	0.5995474709725593	common	-0.47634440736997596	4.072260100108321e-12
4	197	74	15	0.5325870094182282	0.7819545587193043	1.6708497832798306	common	-0.23962226809078296	4.305475607893603e-07
6	224	36	3	0.6155097330082779	0.4923307754576941	0.23901638832547417	specific	0.07162730803023395	6.953885894168467e-17
8	264	38	4	0.5826974032946569	0.8905829743155136	1.7562792413926254	common	-0.25881043795675823	5.705801455874231e-06
4	154	20	5	0.636297854033806	0.8467372293469684	6.3924540938142	specific		
7	215	52	4	0.7005445180510045	0.15574132558852583	0.6294395937145032	common	-0.48197140959532514	7.449475247377506e-14
5	213	91	5	0.6733041106100643	0.4002800281632295	0.19291084816238696	specific	0.42945908537389704	7.982231386203603e-13
8	163	75	5	0.5454997622072755	0.019012069710988233	0.7386384399621936	specific	-0.7399506995259854	2.4702754303818213e-05
8	288	47	10	0.6682017451432143	0.0013214981982176965	8.355572444946937	common	-0.6130159057836483	1.4624697970232815e-05
6	255	26	12	0.7109832426948125	0.3497017880367055	1.5316312600633233	common	-0.5080027441685564	7.023325087030272e-13
3	230	86	15	0.6001566766239683	0.9898262364224031	7.862633218795455	common	-0.2776603106865887	7.829555078570506e-06
7	268	45	15	0.7772996988906071	0.4345227597930523	0.5368661287400711	common	-0.32879404809209667	1.1112263720050304e-18
4	232	53	5	0.5665110878912173	0.8365702487178945	1.1285872274298607	common	-0.031102319892868113	0.005896842660022902
8	283	87	11	0.5053803238192928	0.28707038619595093	2.550602507159765	specific	-0.13578912804563117	3.2108270634662224e-12
3	240	78	4	0.6583246264905961	0.6207437024869583	0.6688974221593572	common	-0.31205103815223995	7.505026933062424e-07
8	174	84	13	0.7000296202848192	0.12177444765454548	0.18776776640271065	common	-0.7418683201343267	7.553686836145074e-05
4	220	46	12	0.659019340284315	0.7582745740373961	2.051100580757106	specific	-0.4003130360165015	1.5883679443500468e-08
8	285	26	8	0.5286506171670496	0.938924638335178	8.157389834900757	common	0.015798751914739596	0.008533747230639356
7	272	61	11	0.7215551066986388	0.2380168066739644	0.23733082614809148	common	-0.5713901416529932	1.8861122556463565e-13
7	240	33	9	0.6266243501904248	0.26592140754476645	2.4125311961760683	common	-0.4463205605509422	6.572776411156298e-10
5	226	91	12	0.7085905705056972	0.42705601662913173	5.401928314976263	common	-0.29708476450971727	3.22349491087675e-14
5	201	41	10	0.6011549254297582	0.6597051155834338	0.39768051294952395	specific	-0.034335137562945636	3.2128929666219813e-12
6	197	45	15	0.6160903908116537	0.728081880213162	0.1025563531746211	common	-0.0029270240282930266	2.610843006783879e-15
7	209	28	7	0.6171508649361684	0.16929193810077459	0.7256324552195885	specific	-0.5303513366755314	2.4518375070028873e-13
8	167	72	14	0.5369457207477155	0.8750680311572868	0.3128299416929629	specific	-0.17284772004041857	3.8630366780910935e-26
6	193	46	10	0.6827061074927718	0.7480718458579495	1.585002958865601	common	-0.08080905926178843	1.3077776381920986e-15
6	155	35	7	0.5045370906230628	0.16266962006350405	2.0233716608255334	common	-0.3802245913832856	2.192795841545014e-11
8	231	39	5	0.7484413071022362	0.1303941865150131	0.1368267667617841	common	-0.628061250857061	3.6055724507882786e-10
5	199	34	3	0.5434370410007093	0.8706795824654816	9.956479938686396	specific	0.12332059175303173	4.149190478460955e-06
8	219	92	13	0.6865623663018482	0.8182411639175704	1.5959374517308975	specific	-0.12319430355530951	8.711675655613216e-14
6	276	24	7	0.6271167392084669	0.1571834862508692	0.2668760615838087	specific	-0.5640595337250012	1.927368373158745e-10
5	221	41	14	0.6520622401978531	0.7043001355748354	4.945281527400878	specific	-0.17134916917273013	1.4665795162804617e-08
7	277	99	9	0.7719168084268566	0.43202641681615395	1.0789918318701404	common	-0.14922301250411685	2.0685548372454566e-15
3	212	29	4	0.6748870702680779	0.42270786298552687	2.347730782315979	common	-0.42828792515867825	1.7087272246459145e-08
8	194	26	15	0.7859703859865352	0.7465578510106712	3.96253198426086	specific	0.02704058430375682	7.562350612941414e-08
3	219	37	6	0.7578266546083816	0.27987255579623793	5.022271862353959	specific	0.24362848501289316	4.205251609953128e-14
5	183	44	10	0.6594540864891856	0.35110723598177507	3.3864182225260064	specific	-0.4128241630478519	8.723399256853259e-15
7	164	53	4	0.6589790976972038	0.10119514743205016	1.2095279442764437	common	-0.3571432299693157	1.5087430747837276e-13
3	243	57	14	0.5986001762540549	0.922637898946593	9.140004440964644	common	-0.3215092659016776	7.336852336753028e-09
3	224	28	15	0.7798827888361559	0.10250025009064423	0.5097859558526047	common	-0.3349689236860667	1.3242723333707461e-15
5	267	63	12	0.7388570024201655	0.9998557341569327	0.7208260254675406	common	-0.07214333425524022	0.0016477932520805089
7	186	74	5	0.774639810575589	0.9974934927150563	1.5476745136150887	common	0.017394510512126232	3.685118976775933e-05
4	258	45	4	0.6754998776042933	0.1273187513243963	0.11791009301281252	common	-0.46677423798618983	7.404227260123289e-14
6	249	83	14	0.6947654959147644	0.547260477104942	2.12124718821613	common	-0.24496014621899134	9.968505093064878e-17
4	287	44	10	0.7260443976897083	0.9154831598141883	8.990875946856175	specific	-0.07889402589567976	6.799342018220962e-16
3	269	21	8	0.7528306190101547	0.8199494887459173	0.10215890451574217	specific	-0.6098140028081498	2.399651422560773e-05
6	157	57	14	0.5014134248260325	0.067463580882821	0.19867315555792817	specific	-0.7332991265416927	9.921188635381966e-09
7	255	51	5	0.7878238871750518	0.7218743564534829	6.996928578382218	specific	0.14826451765190596	3.129500108259856e-07
7	202	51	8	0.5942022791651275	0.7531923208128697	6.665848263591662	common	0.02095245308967826	0.0001251358891961154
3	298	61	10	0.508932996785281	0.2999312184816414	0.6416755408445303	common	-0.03811053641275364	7.835906330833275e-08
8	162	45	13	0.5116864459027268	0.04427704491666318	0.32184662403110664	common	-0.6936308816590068	7.835970089463057e-07
4	213	81	12	0.6312557177993868	0.18721960330791887	2.456093675819182	specific	-0.3999195128099759	3.920994794409448e-17
4	274	98	8	0.6953326735565902	0.6128029727419982	0.12149786566501096	common	-0.38940652047788493	1.8889062511146512e-17
5	226	95	5	0.7848187353260103	0.5605768688941982	0.1459619526111224	common	-0.23066201554395904	3.926066866534421e-14
6	195	62	15	0.5760373940202365	0.8916545458322875	0.9772246324076468	specific	-0.16971455987522385	0.00011660102352452733
4	261	96	15	0.7753975906525098	0.9344900308114433	1.6900238768140983	specific		
5	269	29	13	0.6307678035063189	0.8015401536187827	3.4637497867164107	common	0.06144120088774414	0.00012297139521694032
7	300	52	6	0.6943682802349601	0.12467220838197102	0.5359145092502853	specific	-0.4657146126514651	2.2063440892835008e-10
8	220	50	11	0.6951990182723583	0.8699802157601344	3.9295064163531053	common	-0.14498301346965384	2.2009206180639637e-06
5	234	65	13	0.7704709539413931	0.16646964131030684	0.49524714179004636	specific	-0.6644662525478628	4.087727849510335e-11
7	236	53	5	0.6820043533845399	0.1320673037464538	0.317873074770739	common	-0.4335557805840502	1.079157593770274e-17
6	220	30	9	0.7372478644240377	0.5175010150705758	0.3376511296351922	common	0.09657108294559501	1.2281709545716064e-24
3	187	72	9	0.5038470723138704	0.5327932961558182	7.0979018104246965	common	-0.07527525883131497	1.1936672942905197e-09
7	268	28	8	0.735538036220852	0.5671192940209345	1.0205098836565014	common	-0.016864224847879403	3.656980509837083e-18
7	155	59	15	0.7273557604647561	0.2223531048843428	7.08337179576796	common	-0.5545999261111817	1.0476886432859997e-11
4	197	56	5	0.7911234649645742	0.8261723063639433	0.25971345853828715	common	-0.43898694272577493	6.794505671798058e-13
7	254	29	11	0.7657823539424725	0.6621850555322703	0.11237847998996159	specific	0.018328579974273857	8.281013040374503e-09
7	166	66	7	0.6218632427723145	0.08052962840571865	0.12081789976841512	specific	-0.5603844327105804	4.531064395355605e-11
8	243	80	4	0.6508093828419693	0.7633926866751152	0.6231139863057794	common	-0.11497411466731808	0.004419608969828886
4	273	76	9	0.57511413554171	0.2575767750283443	0.7795276140456069	specific	-0.2070544760923537	2.614952007682766e-14
6	260	99	9	0.5100429911025415	0.7381213210599655	1.19144133537299	common	-0.358611905788272	0.012759136579204616
7	215	33	6	0.6452299787568079	0.6694241409975195	0.8974042563997767	common	-0.18455565415279873	1.2090718027148577e-08
4	227	71	3	0.5368984953584842	0.9897444593299449	0.2206242020215129	specific	-0.1012492281179678	1.0922918056679998e-14
4	174	84	3	0.7474352068119655	0.5341796502852566	0.5118980654678812	specific	-0.2719426060431976	4.262187794569174e-09
8	242	95	5	0.5645262098785038	0.6699573030071828	0.7120060678347855	specific	-0.24168697178750237	3.102455697814612e-05
6	169	38	14	0.7268715320693049	0.21117279453518867	0.12259232797459062	specific	-0.576041765584432	2.2572548408327137e-14
5	267	26	10	0.744386157262093	0.8342166709519634	4.168629614108838	common	-0.3825067211331555	2.720600844597931e-12
4	253	64	9	0.7701663730900729	0.15527502473246735	0.5933647252846377	specific	-0.6353888308104004	5.001583563153913e-12
3	173	84	11	0.6705042757986381	0.6337296115734086	7.827276210839057	specific	-0.37938709437092377	1.4765731515318982e-06
8	294	53	14	0.6745299110845311	0.07302921220132008	0.4082568874140459	specific	-0.6580254650556321	6.493413397998829e-09
3	283	36	15	0.7346601193168747	0.0361574524241326	6.903685151898192	common	-0.5315310781725497	1.372715408869592e-10
3	181	62	15	0.6340284045427182	0.4804148603146663	0.8131938306066903	specific	-0.10570288489598904	1.922836548395851e-14
3	212	58	15	0.6902131042689007	0.2391696706791634	1.5550201632266547	specific	-0.25883722250452584	6.233148709073042e-17
